1689185316325 0.8049045428883419 0
1689185345463 0.8042515671812323 0
1689185374117 0.8054499577367119 0
1689185403137 0.8050710818410712 0
1689185434633 0.8057213459790658 0
1689185453353 0.7591961939714917 0
1689185470459 0.755973667678508 0
1689185487418 0.7589434148341374 0
1689185504568 0.760898830186725 0
1689185521652 0.7607406003995179 0
1689185553551 0.9117060017031827 0
1689185583612 0.9049479774110829 0
1689185617014 0.9207883585792891 0
1689185646506 0.8940048700380978 0
1689185681881 0.9247984027982855 0
1689185717043 0.8294600469600875 0
1689185748625 0.8315026407636332 0
1689185780482 0.833081410795206 0
1689185811952 0.8318132254010497 0
1689185844169 0.8336831486561438 0
1689185880028 0.8579969336383353 0
1689185914798 0.8615455277217912 0
1689185949372 0.8620409550633317 0
1689185984188 0.8596519083046029 0
1689186020490 0.8645850011207531 0
1689186039357 0.8149655479085406 0
1689186054368 0.8128975279337008 0
1689186069619 0.8147088399458841 0
1689186084972 0.811720093186572 0
1689186100834 0.8162601317468055 0
1689186118070 0.7902215343510788 0
1689186132855 0.788406688867083 0
1689186147749 0.7932224897227861 0
1689186162868 0.7909763756305965 0
1689186177966 0.7934729175042665 0
1689186212777 0.9120541598698813 0
1689186246705 0.9160072499922904 0
1689186278109 0.9067944264646463 0
1689186310493 0.8997874225800726 0
1689186348156 0.9287538509829223 0
1689186384761 0.9154667523529463 0
1689186421356 0.9229246017406623 0
1689186455089 0.9178015123852388 0
1689186493149 0.9232680410618652 0
1689186531867 0.9271435836981217 0
1689186569143 0.9120285113122494 0
1689186599935 0.9069110557440514 0
1689186633439 0.9193634057647283 0
1689186662529 0.8976871964132738 0
1689186698822 0.9291029250668795 0
1689186733987 0.9125734072591645 0
1689186768002 0.9197685936722884 0
1689186798221 0.9063526189401204 0
1689186826618 0.8964425575468197 0
1689186863948 0.9254736713935962 0
1689186899413 0.910847195085598 0
1689186929269 0.9071987248268548 0
1689186957118 0.8987370729292768 0
1689186987901 0.9075256597124625 0
1689187022618 0.924905289440924 0
1689187042856 0.9256535786211811 0
1689187058871 0.920328611890177 0
1689187074052 0.8909462864842084 0
1689187089347 0.9076475687958605 0
1689187105418 0.9309158470541586 0
1689187123961 0.9218569496422445 0
1689187139941 0.9180251342027421 0
1689187155621 0.9024696299333198 0
1689187171698 0.9298892312424072 0
1689187190468 0.9345113002357336 0
1689187222377 0.911073090185666 0
1689187253716 0.9146806907774311 0
1689187282991 0.9078585203816585 0
1689187317586 0.9256259218540539 0
1689187351763 0.9256863575285553 0
