1689185316325 0.7888236045178141 0
1689185345463 0.7816742164498776 0
1689185374117 0.7867685297861141 0
1689185403137 0.7790841952998189 0
1689185434633 0.788737146080117 0
1689185453353 0.7614527511978493 0
1689185470459 0.7502094597369702 0
1689185487418 0.7612197447168298 0
1689185504568 0.7523838932531506 0
1689185521652 0.7590618427712357 0
1689185553551 0.8597327606712876 0
1689185583612 0.8508764074742841 0
1689185617014 0.864157729491072 0
1689185646506 0.8410315880202194 0
1689185681881 0.8733786815637463 0
1689185717043 0.8030152278668343 0
1689185748625 0.8008536628635736 0
1689185780482 0.8033718738493036 0
1689185811952 0.7977072418465903 0
1689185844169 0.804383443625962 0
1689185880028 0.8206890592849814 0
1689185914798 0.8210751205135222 0
1689185949372 0.8226845702068438 0
1689185984188 0.8172472522454582 0
1689186020490 0.8251640936889806 0
1689186039357 0.7932137411710377 0
1689186054368 0.7867448210404617 0
1689186069619 0.7925621345262301 0
1689186084972 0.7847314414671777 0
1689186100834 0.785647689711722 0
1689186118070 0.781624932856135 0
1689186132855 0.775968995059551 0
1689186147749 0.7812264012200711 0
1689186162868 0.7792180415743702 0
1689186177966 0.7759400672547663 0
1689186212777 0.8593947152649919 0
1689186246705 0.8615587831140199 0
1689186278109 0.8538013858375209 0
1689186310493 0.8449966947334802 0
1689186348156 0.8762325546385236 0
1689186384761 0.863298736177883 0
1689186421356 0.8669111676682517 0
1689186455089 0.8617226395314211 0
1689186493149 0.8653345663003521 0
1689186531867 0.8753575604555279 0
1689186569143 0.8590928010044296 0
1689186599935 0.852718916239073 0
1689186633439 0.8632343951289752 0
1689186662529 0.8441366195691898 0
1689186698822 0.8776665835207851 0
1689186733987 0.8608850955664892 0
1689186768002 0.8627530684312811 0
1689186798221 0.8522296858994838 0
1689186826618 0.842590118731963 0
1689186863948 0.8733355454336376 0
1689186899413 0.8589315889676089 0
1689186929269 0.8532124284326219 0
1689186957118 0.8465600523895443 0
1689186987901 0.8524614129595778 0
1689187022618 0.8722436579506675 0
1689187042856 0.8615402350059131 0
1689187058871 0.849583654295899 0
1689187074052 0.8343409471681783 0
1689187089347 0.8435288913276369 0
1689187105418 0.8619478970809423 0
1689187123961 0.8575752245118102 0
1689187139941 0.8493731984201919 0
1689187155621 0.8468961628148955 0
1689187171698 0.8630625580843261 0
1689187190468 0.8683469445042616 0
1689187222377 0.8599068743060239 0
1689187253716 0.8585208354490844 0
1689187282991 0.8536273656309381 0
1689187317586 0.8684677377358375 0
1689187351763 0.8727122375191213 0
