1689185316325 0.9081871397230842 0
1689185345463 0.908798785460985 0
1689185374117 0.9085373767910909 0
1689185403137 0.9085039463794268 0
1689185434633 0.9086934434461655 0
1689185453353 0.8977671467187572 0
1689185470459 0.8972892815355473 0
1689185487418 0.8964310606045143 0
1689185504568 0.8975535865028943 0
1689185521652 0.897391040839861 0
1689185553551 0.9313806203275464 0
1689185583612 0.9291012300683716 0
1689185617014 0.9329777724943982 0
1689185646506 0.9271647013194726 0
1689185681881 0.9362229192336322 0
1689185717043 0.9128193427657215 0
1689185748625 0.9131408351373114 0
1689185780482 0.9152240007838118 0
1689185811952 0.9137823510023163 0
1689185844169 0.9134149650799029 0
1689185880028 0.9194115198224837 0
1689185914798 0.9193797927558324 0
1689185949372 0.9204157177838663 0
1689185984188 0.919051913255445 0
1689186020490 0.9205025002167728 0
1689186039357 0.9068698323904207 0
1689186054368 0.907421206212555 0
1689186069619 0.9075465379083553 0
1689186084972 0.9060681835534107 0
1689186100834 0.9080640322151065 0
1689186118070 0.9032022545006537 0
1689186132855 0.9027578284859947 0
1689186147749 0.9039211254197125 0
1689186162868 0.9026496349435222 0
1689186177966 0.9036215178360067 0
1689186212777 0.9314023709931326 0
1689186246705 0.9319958626246302 0
1689186278109 0.9296377146689306 0
1689186310493 0.9277399208121361 0
1689186348156 0.9371330400082144 0
1689186384761 0.9325996215326731 0
1689186421356 0.9341459741050187 0
1689186455089 0.9319460607739585 0
1689186493149 0.9344155498407221 0
1689186531867 0.9366668865317255 0
1689186569143 0.931041478245925 0
1689186599935 0.9298608349674546 0
1689186633439 0.9324343137990762 0
1689186662529 0.9280940547932236 0
1689186698822 0.9373313862665271 0
1689186733987 0.9317278761282418 0
1689186768002 0.932661507174717 0
1689186798221 0.9289965938518876 0
1689186826618 0.9269070854493126 0
1689186863948 0.935912233556531 0
1689186899413 0.9307816330182281 0
1689186929269 0.9304108084975505 0
1689186957118 0.9276507544030795 0
1689186987901 0.9308505494711746 0
1689187022618 0.9354081010943944 0
1689187042856 0.9338567757442634 0
1689187058871 0.9324090649918937 0
1689187074052 0.9241174821596747 0
1689187089347 0.9292120806188467 0
1689187105418 0.9343157489564969 0
1689187123961 0.9329057244671297 0
1689187139941 0.932058002456538 0
1689187155621 0.9283379540948595 0
1689187171698 0.9343435885636923 0
1689187190468 0.9362418824056299 0
1689187222377 0.9314095344605312 0
1689187253716 0.9315704430884506 0
1689187282991 0.9296101507694414 0
1689187317586 0.9345752507996266 0
1689187351763 0.9360246890432634 0
