1689185320516 0.7285523601504672 0
1689185349555 0.7187234558912753 0
1689185378288 0.7257007644703313 0
1689185407266 0.7152217436146333 0
1689185438696 0.728386822787114 0
1689185456378 0.6920276665453222 0
1689185473472 0.6770416211624802 0
1689185490475 0.691784977551268 0
1689185507559 0.6799126372626342 0
1689185524730 0.6888309167020567 0
1689185557451 0.8250212352869797 0
1689185587234 0.8128261133357603 0
1689185620946 0.8310277878898192 0
1689185649928 0.7991870411939574 0
1689185685938 0.8435357641206092 0
1689185721155 0.7477247906807426 0
1689185752648 0.7446911782550661 0
1689185784721 0.7479674796747967 0
1689185815969 0.7402778620396773 0
1689185848443 0.7495601528847904 0
1689185884423 0.7716296565950734 0
1689185919080 0.7721757068316952 0
1689185953681 0.7742992355296687 0
1689185988450 0.7668506946550991 0
1689186024663 0.7777710368258205 0
1689186027019 0.9999999999844913 0
1689186041976 0.7347409294988472 0
1689186057054 0.7257614367188449 0
1689186072354 0.7337701735226307 0
1689186087887 0.7231086574045987 0
1689186103433 0.7242006916216708 0
1689186105668 0.999999999999 0
1689186120689 0.7190874893823566 0
1689186135504 0.7113821138211383 0
1689186150387 0.7184807668972212 0
1689186165425 0.7158284292907845 0
1689186180540 0.7112782867196505 0
1689186182839 0.999999999997337 0
1689186216712 0.8245358572988715 0
1689186250609 0.8275087974760345 0
1689186281730 0.8168911539861667 0
1689186314004 0.8047078808469332 0
1689186352194 0.8474185524479767 0
1689186354452 0.9999999999940268 0
1689186388604 0.8298750151680622 0
1689186425400 0.8347287950491445 0
1689186459058 0.8277514864700886 0
1689186497363 0.8324334162470424 0
1689186535982 0.8462658496632894 0
1689186538403 0.9999999999927859 0
1689186572863 0.8241718238077903 0
1689186603490 0.8153136755248149 0
1689186637293 0.8298143429195486 0
1689186665941 0.8034338409270158 0
1689186702946 0.8494206151792756 0
1689186705244 0.9999999999890997 0
1689186737800 0.8265987137483315 0
1689186771990 0.8290862759373863 0
1689186801838 0.8147676252881931 0
1689186830112 0.8014317781957168 0
1689186867958 0.8435357641206092 0
1689186870321 0.9999999999859798 0
1689186903068 0.8239898070622498 0
1689186932819 0.8159203980099502 0
1689186960714 0.8069409052299478 0
1689186991581 0.8147788630710429 0
1689187026629 0.8420797184978462 0
1689187028952 0.9999999999844716 0
1689187045571 0.8271447639849533 0
1689187061555 0.8104598956437326 0
1689187076556 0.7901953646402136 0
1689187091938 0.8024024752775587 0
1689187108101 0.827640599405448 0
1689187110386 0.9999999999775752 0
1689187126573 0.8216842616187356 0
1689187142509 0.8102172066496784 0
1689187158118 0.807304938721029 0
1689187176892 0.8292179821634411 0
1689187193093 0.8363768731420251 0
1689187195315 0.9999999999754153 0
1689187226059 0.8252639242810339 0
1689187257556 0.8232617400800873 0
1689187286633 0.8166484649921126 0
1689187321717 0.8368622216829461 0
1689187355821 0.8426257356063823 0
