1689185316325 0.59692862609285 0
1689185345463 0.6035858987377346 0
1689185374117 0.5959723167032724 0
1689185403137 0.5996191835799595 0
1689185434633 0.5930194864114533 0
1689185453353 0.6109970658431384 0
1689185470459 0.6186341851215432 0
1689185487418 0.6104823307794877 0
1689185504568 0.615140241681009 0
1689185521652 0.610181735069489 0
1689185553551 0.4663169002815503 0
1689185583612 0.4856526200196572 0
1689185617014 0.45265921633689576 0
1689185646506 0.4993451729793002 0
1689185681881 0.44783922647432767 0
1689185717043 0.5655601237965948 0
1689185748625 0.5697935811357572 0
1689185780482 0.564040439011357 0
1689185811952 0.5696234915721775 0
1689185844169 0.5636574905127435 0
1689185880028 0.5360697088626064 0
1689185914798 0.5385853628274512 0
1689185949372 0.531675143812707 0
1689185984188 0.5374217229945352 0
1689186020490 0.5323060396559991 0
1689186039357 0.5447139494453607 0
1689186054368 0.5502033169840306 0
1689186069619 0.5414099128090968 0
1689186084972 0.5503863703526864 0
1689186100834 0.544406258329153 0
1689186118070 0.5665437972834754 0
1689186132855 0.5727402114607205 0
1689186147749 0.562917156068053 0
1689186162868 0.5695218152981003 0
1689186177966 0.5658211559198493 0
1689186212777 0.46573139769960664 0
1689186246705 0.46561901056986454 0
1689186278109 0.4762237811389608 0
1689186310493 0.48994823390813375 0
1689186348156 0.4398576526766765 0
1689186384761 0.46074765031665776 0
1689186421356 0.45382787100632793 0
1689186455089 0.4584005142061796 0
1689186493149 0.45170330833243266 0
1689186531867 0.4451797503737799 0
1689186569143 0.4679987803772595 0
1689186599935 0.48312645507977764 0
1689186633439 0.45556000269392893 0
1689186662529 0.4937406212130252 0
1689186698822 0.44067730715956216 0
1689186733987 0.46699638569546187 0
1689186768002 0.4600749482766204 0
1689186798221 0.47913940429487967 0
1689186826618 0.4964231072140146 0
1689186863948 0.4474699769692306 0
1689186899413 0.47010319537884737 0
1689186929269 0.4819623299968208 0
1689186957118 0.49088914338881195 0
1689186987901 0.47855955530805766 0
1689187022618 0.44863672481048456 0
1689187042856 0.41923142317877815 0
1689187058871 0.431543579103904 0
1689187074052 0.4733119475064198 0
1689187089347 0.45129456009918034 0
1689187105418 0.4144547611888103 0
1689187123961 0.43282755744538837 0
1689187139941 0.44061671488601584 0
1689187155621 0.4640937276555279 0
1689187171698 0.4165874306430545 0
1689187190468 0.41072498887955194 0
1689187222377 0.4651968468947115 0
1689187253716 0.4679422137619184 0
1689187282991 0.4737033581954762 0
1689187317586 0.44440962485497343 0
1689187351763 0.44488276152124073 0
