1689185316325 0.7285523601504672 0
1689185345463 0.7187234558912753 0
1689185374117 0.7257007644703313 0
1689185403137 0.7152217436146333 0
1689185434633 0.728386822787114 0
1689185453353 0.6920276665453222 0
1689185470459 0.6770416211624802 0
1689185487418 0.691784977551268 0
1689185504568 0.6799126372626342 0
1689185521652 0.6888309167020567 0
1689185553551 0.8250212352869797 0
1689185583612 0.8128261133357603 0
1689185617014 0.8310277878898192 0
1689185646506 0.7991870411939574 0
1689185681881 0.8435357641206092 0
1689185717043 0.7477247906807426 0
1689185748625 0.7446911782550661 0
1689185780482 0.7479674796747967 0
1689185811952 0.7402778620396773 0
1689185844169 0.7495601528847904 0
1689185880028 0.7716296565950734 0
1689185914798 0.7721757068316952 0
1689185949372 0.7742992355296687 0
1689185984188 0.7668506946550991 0
1689186020490 0.7777710368258205 0
1689186039357 0.7347409294988472 0
1689186054368 0.7257614367188449 0
1689186069619 0.7337701735226307 0
1689186084972 0.7231086574045987 0
1689186100834 0.7242006916216708 0
1689186118070 0.7190874893823566 0
1689186132855 0.7113821138211383 0
1689186147749 0.7184807668972212 0
1689186162868 0.7158284292907845 0
1689186177966 0.7112782867196505 0
1689186212777 0.8245358572988715 0
1689186246705 0.8275087974760345 0
1689186278109 0.8168911539861667 0
1689186310493 0.8047078808469332 0
1689186348156 0.8474185524479767 0
1689186384761 0.8298750151680622 0
1689186421356 0.8347287950491445 0
1689186455089 0.8277514864700886 0
1689186493149 0.8324334162470424 0
1689186531867 0.8462658496632894 0
1689186569143 0.8241718238077903 0
1689186599935 0.8153136755248149 0
1689186633439 0.8298143429195486 0
1689186662529 0.8034338409270158 0
1689186698822 0.8494206151792756 0
1689186733987 0.8265987137483315 0
1689186768002 0.8290862759373863 0
1689186798221 0.8147676252881931 0
1689186826618 0.8014317781957168 0
1689186863948 0.8435357641206092 0
1689186899413 0.8239898070622498 0
1689186929269 0.8159203980099502 0
1689186957118 0.8069409052299478 0
1689186987901 0.8147788630710429 0
1689187022618 0.8420797184978462 0
1689187042856 0.8271447639849533 0
1689187058871 0.8104598956437326 0
1689187074052 0.7901953646402136 0
1689187089347 0.8024024752775587 0
1689187105418 0.827640599405448 0
1689187123961 0.8216842616187356 0
1689187139941 0.8102172066496784 0
1689187155621 0.807304938721029 0
1689187171698 0.8292179821634411 0
1689187190468 0.8363768731420251 0
1689187222377 0.8252639242810339 0
1689187253716 0.8232617400800873 0
1689187282991 0.8166484649921126 0
1689187317586 0.8368622216829461 0
1689187351763 0.8426257356063823 0
